0.065342 0.009041 -0.010723 0.006221 -0.000030 0.000020 -0.000153 1.000000
0.165343 0.009210 -0.010482 0.006058 -0.000129 -0.000007 -0.000013 1.000000
0.265258 0.009277 -0.011354 0.006770 -0.000164 0.000018 -0.000114 1.000000
0.365208 0.009269 -0.011589 0.007450 -0.000019 0.000083 -0.000165 1.000000
0.465196 0.009104 -0.011487 0.008011 -0.000071 0.000004 -0.000175 1.000000
0.565255 0.009372 -0.011711 0.007922 -0.000160 -0.000006 -0.000074 1.000000
0.665338 0.009109 -0.011909 0.007634 -0.000130 0.000036 -0.000155 1.000000
0.765444 0.008933 -0.010931 0.007305 0.000042 0.000071 -0.000277 1.000000
0.865505 0.008980 -0.011518 0.007957 -0.000188 0.000011 -0.000117 1.000000
0.965496 0.008636 -0.012371 0.008374 -0.000149 0.000024 -0.000206 1.000000
1.065447 0.008389 -0.011326 0.008411 -0.000128 0.000044 -0.000115 1.000000
1.165457 0.007902 -0.010195 0.007791 -0.000028 -0.000036 -0.000148 1.000000
1.265385 0.007702 -0.010871 0.006818 -0.000159 0.000020 -0.000126 1.000000
1.365333 0.007283 -0.011756 0.007530 -0.000177 0.000033 -0.000096 1.000000
1.465337 0.007600 -0.011465 0.008245 -0.000139 0.000034 -0.000075 1.000000
1.565355 0.007917 -0.010816 0.008598 -0.000154 0.000037 -0.000066 1.000000
1.665394 0.008087 -0.010904 0.007822 -0.000095 0.000012 -0.000147 1.000000
1.765431 0.007742 -0.010884 0.008506 -0.000074 0.000005 -0.000224 1.000000
1.865431 0.007642 -0.011473 0.009772 -0.000104 0.000023 -0.000236 1.000000
1.965417 0.007487 -0.011941 0.010141 -0.000173 0.000032 -0.000167 1.000000
2.065379 0.007022 -0.012192 0.009241 -0.000190 0.000067 -0.000097 1.000000
2.165472 0.006446 -0.012021 0.009056 -0.000147 0.000015 -0.000178 1.000000
2.265517 0.006526 -0.011894 0.009067 -0.000133 0.000066 -0.000213 1.000000
2.365615 0.007164 -0.012247 0.009132 -0.000194 0.000104 -0.000135 1.000000
2.465688 0.007290 -0.012249 0.009429 -0.000050 0.000052 -0.000247 1.000000
2.565694 0.007074 -0.011865 0.010399 -0.000040 0.000053 -0.000170 1.000000
2.665626 0.005768 -0.012191 0.011461 -0.000146 0.000051 -0.000248 1.000000
2.765480 0.005477 -0.011730 0.009726 -0.000162 0.000153 -0.000018 1.000000
2.865305 0.005030 -0.011944 0.009909 -0.000195 0.000413 -0.000064 1.000000
2.965135 0.006454 -0.011974 0.010774 -0.000252 -0.000263 -0.000015 1.000000
3.065036 0.007920 -0.011410 0.011540 -0.000295 -0.000492 -0.000094 1.000000
3.165080 0.008367 -0.012156 0.011050 -0.000241 -0.000434 -0.000169 1.000000
3.265104 0.007732 -0.013195 0.010146 -0.000263 -0.000344 -0.000256 1.000000
3.365186 0.007127 -0.013475 0.010916 -0.000285 -0.000243 -0.000193 1.000000
3.465288 0.006880 -0.012783 0.011155 -0.000190 -0.000093 -0.000171 1.000000
3.565400 0.006834 -0.011995 0.010841 -0.000232 -0.000012 -0.000100 1.000000
3.665486 0.007205 -0.012906 0.011003 -0.000347 0.000042 -0.000018 1.000000
3.765567 0.006153 -0.012696 0.010416 -0.000103 0.000205 -0.000219 1.000000
3.865595 0.005064 -0.012112 0.010056 -0.000197 0.000230 -0.000132 1.000000
3.965591 0.005775 -0.010829 0.011048 -0.000076 0.000220 -0.000049 1.000000
4.065531 0.006607 -0.010777 0.011127 -0.000104 0.000085 -0.000103 1.000000
4.165534 0.007236 -0.011700 0.010250 -0.000095 -0.000179 -0.000145 1.000000
4.265424 0.008672 -0.010780 0.009876 0.000021 0.000156 0.000101 1.000000
4.365315 0.008247 -0.010678 0.010473 -0.000261 -0.000446 -0.000361 1.000000
4.465255 0.009350 -0.009834 0.009253 -0.000109 -0.000998 -0.000780 0.999999
4.565249 0.004909 -0.012487 0.007466 -0.000420 -0.000803 -0.000366 1.000000
4.665313 0.003362 -0.015602 0.008237 -0.000465 -0.001123 -0.000668 0.999999
4.765391 0.006329 -0.016535 0.018831 -0.000513 -0.002701 -0.000545 0.999996
4.865516 0.008068 -0.013670 0.022526 -0.000189 -0.002164 -0.000784 0.999997
4.965507 0.008119 -0.009527 0.009688 -0.000333 -0.002437 -0.000085 0.999997
5.065643 0.011404 -0.014497 -0.000334 -0.000181 -0.001198 -0.000690 0.999999
5.165951 0.004894 -0.014859 0.017840 0.000603 -0.002205 -0.001645 0.999996
5.266121 0.004813 -0.010536 0.029913 0.000213 -0.002189 -0.000537 0.999997
5.366190 0.013586 -0.006634 0.022753 0.000212 -0.004221 -0.000630 0.999991
5.466203 0.014506 -0.009040 0.011197 0.000335 -0.006851 -0.001334 0.999976
5.566125 0.002909 -0.010732 0.006529 0.000479 -0.010636 -0.002230 0.999941
5.666080 -0.006107 -0.020148 0.017415 0.000806 -0.020234 -0.003677 0.999788
5.766098 -0.012299 -0.026877 0.031144 0.001662 -0.028169 -0.004786 0.999590
5.866079 0.013145 -0.031111 0.027757 0.001683 -0.034047 -0.006721 0.999396
5.966076 0.019843 -0.034638 0.014450 -0.000056 -0.043364 -0.008628 0.999022
6.066371 -0.000790 -0.029943 0.014256 0.001852 -0.050607 -0.012006 0.998645
6.167130 -0.016885 -0.027479 0.045619 0.005601 -0.056114 -0.015277 0.998292
6.267914 -0.000566 -0.030675 0.066640 0.008546 -0.059254 -0.010207 0.998154
6.368629 0.001962 -0.057784 0.073901 0.004423 -0.060502 -0.013959 0.998061
6.469516 0.004361 -0.086101 0.080085 0.004300 -0.062831 -0.015123 0.997900
6.570368 -0.013099 -0.120174 0.095572 0.003752 -0.061641 -0.021729 0.997855
6.670993 -0.038014 -0.162178 0.089540 0.003172 -0.056630 -0.034363 0.997799
6.771279 -0.039330 -0.202392 0.095133 -0.001168 -0.053424 -0.038749 0.997819
6.871285 -0.021895 -0.240221 0.126386 0.002259 -0.053888 -0.022531 0.998290
6.971115 -0.013553 -0.293201 0.139417 0.003954 -0.054219 -0.011729 0.998452
7.070994 -0.016385 -0.341817 0.147042 0.001702 -0.054482 -0.009772 0.998465
7.171136 -0.016460 -0.386874 0.157557 0.001462 -0.053920 -0.008750 0.998506
7.271368 -0.016018 -0.433963 0.172075 0.003000 -0.053507 -0.008285 0.998529
7.371613 -0.015167 -0.479616 0.187301 -0.000675 -0.053939 -0.009392 0.998500
7.471789 -0.026025 -0.525022 0.211112 -0.028327 -0.052637 -0.008962 0.998172
7.571761 -0.022816 -0.568644 0.230060 -0.053175 -0.051339 -0.008806 0.997226
7.671541 -0.019578 -0.608884 0.233487 -0.057858 -0.050608 -0.015147 0.996926
7.771162 -0.018065 -0.635006 0.237363 -0.050264 -0.050688 -0.017693 0.997292
7.870738 -0.020819 -0.657647 0.221975 -0.036677 -0.050315 -0.011566 0.997993
7.970470 -0.026775 -0.679512 0.195537 -0.025852 -0.051326 -0.010448 0.998293
8.070540 -0.032540 -0.689673 0.173714 -0.010467 -0.049679 -0.009622 0.998664
8.170917 -0.044087 -0.716483 0.148293 -0.002075 -0.050598 -0.008929 0.998677
8.271215 -0.053083 -0.734685 0.122292 -0.000880 -0.051744 -0.010140 0.998609
8.371414 -0.059253 -0.759283 0.098616 0.006745 -0.048639 -0.015776 0.998669
8.471664 -0.063909 -0.792258 0.071008 0.015838 -0.048411 -0.028972 0.998282
8.571804 -0.060496 -0.817027 0.052355 0.025946 -0.045001 -0.038853 0.997894
8.671731 -0.060007 -0.853586 0.052649 0.025904 -0.045443 -0.033684 0.998063
8.771611 -0.069666 -0.892523 0.053374 0.024913 -0.048189 -0.023765 0.998245
8.871588 -0.058902 -0.939883 0.048972 0.025596 -0.049327 -0.015085 0.998341
8.971692 -0.045229 -0.976885 0.044486 0.021751 -0.052553 -0.013443 0.998291
9.071848 -0.044107 -1.015262 0.061161 0.018100 -0.051164 -0.010787 0.998468
9.171938 -0.029455 -1.062879 0.077246 0.016942 -0.053630 -0.011095 0.998356
9.271789 -0.030402 -1.108866 0.104015 0.017600 -0.053073 -0.011920 0.998364
9.371429 -0.021086 -1.155575 0.108633 0.022306 -0.052798 -0.012168 0.998282
9.471095 -0.026007 -1.199509 0.118597 0.022961 -0.051620 -0.010769 0.998345
9.570960 -0.021015 -1.255288 0.155484 0.017397 -0.052014 -0.010572 0.998439
9.670957 -0.010010 -1.310856 0.201797 0.012537 -0.052558 -0.011831 0.998469
9.770914 -0.013988 -1.366093 0.246699 0.013141 -0.051828 -0.010415 0.998515
9.870697 -0.017942 -1.417229 0.276624 0.009538 -0.051478 -0.015594 0.998507
9.970450 -0.022883 -1.454970 0.316947 0.007113 -0.049099 -0.026098 0.998428
10.070385 -0.032980 -1.491568 0.362033 0.003395 -0.041395 -0.047049 0.998029
10.170543 -0.029091 -1.536135 0.402004 -0.001068 -0.033820 -0.073107 0.996750
10.270761 -0.018909 -1.583822 0.457456 -0.002667 -0.028161 -0.092265 0.995333
10.370965 0.009887 -1.605451 0.506442 -0.003622 -0.026598 -0.085199 0.996002
10.471059 0.066729 -1.608777 0.548478 -0.001131 -0.023735 -0.065253 0.997586
10.570878 0.140245 -1.610045 0.586691 0.001221 -0.026627 -0.040701 0.998816
10.670534 0.188321 -1.619442 0.640549 -0.000278 -0.030444 -0.018061 0.999373
10.770210 0.249225 -1.628939 0.707962 -0.000443 -0.033904 -0.008818 0.999386
10.869948 0.341303 -1.628145 0.753736 0.000637 -0.038006 -0.006824 0.999254
10.969808 0.424158 -1.630156 0.789705 0.000081 -0.042864 -0.005149 0.999068
11.069763 0.447884 -1.642438 0.837467 0.001437 -0.048243 -0.007940 0.998803
11.169931 0.474762 -1.656660 0.873503 0.000232 -0.050855 -0.007831 0.998675
11.269947 0.517334 -1.675280 0.919210 0.001102 -0.054598 -0.010243 0.998455
11.369887 0.587732 -1.691252 0.963320 0.000720 -0.054720 -0.008695 0.998464
11.469670 0.659316 -1.716900 1.014133 0.000063 -0.055247 -0.010270 0.998420
11.569473 0.692019 -1.744022 1.057481 0.001381 -0.052879 -0.008548 0.998563
11.669295 0.720599 -1.761424 1.107037 -0.002849 -0.053576 0.010969 0.998499
11.769154 0.744862 -1.766275 1.147487 -0.003783 -0.047670 0.012023 0.998784
11.869126 0.778004 -1.775842 1.186156 -0.001809 -0.040700 0.006381 0.999149
11.969080 0.804984 -1.786103 1.242472 0.001217 -0.032211 0.001367 0.999479
12.069056 0.836975 -1.790848 1.298685 0.001161 -0.024943 -0.002277 0.999686
12.169159 0.851595 -1.786678 1.349188 -0.004968 -0.018226 -0.000763 0.999821
12.269086 0.869911 -1.788490 1.400274 -0.016740 -0.014818 -0.000943 0.999750
12.369185 0.887768 -1.780514 1.433578 -0.027023 -0.013586 -0.000177 0.999542
12.469487 0.915782 -1.770883 1.467984 -0.014711 -0.012638 -0.000560 0.999812
12.569817 0.914786 -1.768758 1.497564 -0.008555 -0.013540 -0.001206 0.999871
12.670282 0.930200 -1.777574 1.549848 -0.000967 -0.012372 -0.000547 0.999923
12.770842 0.934407 -1.781225 1.607412 -0.001238 -0.015285 -0.001592 0.999881
12.871327 0.943073 -1.798841 1.626092 -0.000216 -0.015675 -0.001147 0.999876
12.971634 0.972870 -1.811701 1.620161 -0.001580 -0.017584 -0.002632 0.999841
13.071809 0.989371 -1.828346 1.648632 0.000743 -0.017449 -0.000927 0.999847
13.171960 0.990315 -1.853287 1.695874 -0.001123 -0.020599 -0.003412 0.999781
13.271925 0.984537 -1.864593 1.734276 0.000117 -0.019647 -0.012259 0.999732
13.371883 0.993571 -1.883798 1.749855 0.000092 -0.019020 -0.018044 0.999656
13.471768 1.001986 -1.902836 1.764750 0.002033 -0.020670 -0.008601 0.999747
13.571604 1.010603 -1.932327 1.802328 0.001848 -0.022157 -0.005847 0.999736
13.671390 1.029532 -1.956859 1.852488 0.002860 -0.020861 -0.002442 0.999775
13.771060 1.049263 -1.985456 1.890373 0.003131 -0.021408 -0.002196 0.999764
13.870733 1.053863 -1.995832 1.903909 0.003905 -0.018619 -0.000706 0.999819
13.970369 1.054642 -2.010846 1.922637 0.010743 -0.017936 -0.001153 0.999781
14.070028 1.054936 -2.028753 1.947564 0.015896 -0.013544 -0.000428 0.999782
14.169973 1.066240 -2.056669 1.987272 0.016300 -0.010704 0.001131 0.999809
14.270000 1.055257 -2.082503 2.045548 0.013338 -0.005203 0.001895 0.999896
14.370138 1.046254 -2.104239 2.097985 0.005701 -0.001140 0.004924 0.999971
14.470316 1.037943 -2.115157 2.136993 0.001869 0.006254 0.003588 0.999972
14.570361 1.046433 -2.122229 2.172792 0.002409 0.014481 0.007282 0.999866
14.670168 1.050367 -2.133674 2.213076 0.001496 0.019669 0.010940 0.999746
14.769977 1.037711 -2.143051 2.262510 0.000098 0.029270 0.010296 0.999519
14.869916 1.021785 -2.155792 2.308040 -0.004100 0.036771 0.012487 0.999237
14.970099 1.008194 -2.165202 2.362227 -0.018993 0.042238 0.013206 0.998840
15.070584 1.003584 -2.179983 2.411311 -0.025613 0.047207 0.015521 0.998436
15.171197 0.978018 -2.192081 2.435887 -0.030421 0.050248 0.014522 0.998168
15.271608 0.956832 -2.206086 2.458477 -0.032712 0.054120 0.013713 0.997904
15.371633 0.961154 -2.228553 2.491026 -0.030990 0.058108 0.021348 0.997601
15.471121 0.968889 -2.236979 2.514831 -0.024654 0.062317 0.040303 0.996937
15.570258 0.950516 -2.255029 2.505046 -0.019609 0.067869 0.045879 0.996446
15.669549 0.920267 -2.265187 2.493921 -0.020782 0.076514 0.047094 0.995739
15.769314 0.891322 -2.257447 2.488563 -0.021864 0.087975 0.051667 0.994542
15.869533 0.870090 -2.240164 2.492998 -0.022843 0.097213 0.055432 0.993456
15.970106 0.838403 -2.230353 2.516218 -0.026628 0.105769 0.058741 0.992297
16.070691 0.797620 -2.202811 2.527748 -0.029231 0.111959 0.060626 0.991431
16.171177 0.757475 -2.172643 2.499183 -0.023626 0.118267 0.057100 0.991057
16.271372 0.696196 -2.150684 2.463614 -0.018882 0.122185 0.043757 0.991363
16.371544 0.635238 -2.128755 2.414337 -0.007572 0.125980 0.037524 0.991294
16.471676 0.594509 -2.112577 2.378649 -0.003493 0.127967 0.034189 0.991183
16.571591 0.558414 -2.107862 2.360047 -0.003420 0.129189 0.033739 0.991040
16.671364 0.496103 -2.115690 2.338177 -0.001563 0.130030 0.033481 0.990943
16.771007 0.434215 -2.126610 2.337947 0.003119 0.131181 0.035116 0.990731
16.870416 0.382513 -2.134578 2.330712 0.005659 0.132416 0.036271 0.990514
16.969794 0.329038 -2.145453 2.287184 0.005208 0.134748 0.038911 0.990102
17.069148 0.303849 -2.159373 2.230211 0.004751 0.137572 0.039526 0.989691
17.168755 0.270186 -2.177854 2.217654 0.004976 0.138729 0.041442 0.989450
17.268414 0.198570 -2.186585 2.203606 0.005202 0.142144 0.041343 0.988969
17.368390 0.150268 -2.202545 2.188395 0.003894 0.142638 0.044398 0.988771
17.468515 0.095175 -2.227819 2.193950 0.001066 0.134770 0.062365 0.988912
17.568853 0.064885 -2.243765 2.177283 0.001485 0.131597 0.061888 0.989368
17.669235 0.006286 -2.247745 2.130838 0.001962 0.127013 0.052213 0.990524
17.769574 -0.070999 -2.257555 2.099518 0.002225 0.123105 0.044310 0.991401
17.869891 -0.151547 -2.274352 2.079735 0.001050 0.119278 0.036235 0.992199
17.970157 -0.217367 -2.274683 2.085695 0.001654 0.114890 0.033470 0.992813
18.070463 -0.289065 -2.272732 2.099078 0.002725 0.105969 0.023575 0.994086
18.170873 -0.364084 -2.278348 2.103717 -0.014693 0.101821 -0.013558 0.994602
18.271137 -0.409331 -2.296278 2.072715 -0.043169 0.099331 -0.053895 0.992656
18.371118 -0.438834 -2.302916 2.044027 -0.050176 0.091589 -0.071397 0.991966
18.470790 -0.452730 -2.298151 2.013205 -0.046597 0.079614 -0.065617 0.993572
18.570396 -0.459570 -2.298230 1.985723 -0.043634 0.067476 -0.054747 0.995262
18.670004 -0.448104 -2.301250 1.948208 -0.036252 0.056193 -0.040606 0.996935
18.769538 -0.443791 -2.305881 1.890549 -0.018565 0.046475 -0.015861 0.998621
18.869150 -0.402657 -2.310592 1.844981 -0.005030 0.039972 0.003459 0.999182
18.968958 -0.360349 -2.329751 1.774935 -0.003580 0.036927 0.007730 0.999282
19.068969 -0.315666 -2.349057 1.706090 0.002615 0.038117 0.014085 0.999171
19.169051 -0.294305 -2.361281 1.649681 0.002319 0.037412 0.015654 0.999175
19.269261 -0.271549 -2.380631 1.619463 0.003349 0.039710 0.017209 0.999057
19.369589 -0.257505 -2.403712 1.591237 0.003135 0.040946 0.017843 0.998997
19.469752 -0.230601 -2.412601 1.540255 0.016353 0.041317 0.017732 0.998855
19.569611 -0.204713 -2.398310 1.475605 0.037486 0.042529 0.018960 0.998212
19.669091 -0.183647 -2.384831 1.434901 0.047477 0.043705 0.019652 0.997722
19.768578 -0.194708 -2.377092 1.434717 0.053051 0.044882 0.014166 0.997482
19.868147 -0.210600 -2.373880 1.445057 0.048415 0.048770 -0.002063 0.997634
19.967863 -0.200113 -2.380265 1.446042 0.032783 0.053631 -0.024250 0.997728
20.067791 -0.156152 -2.372694 1.453473 0.014603 0.053757 -0.024387 0.998149
20.168192 -0.117973 -2.362638 1.463215 0.007423 0.053621 -0.012655 0.998454
20.268860 -0.090792 -2.368419 1.486053 0.003536 0.048772 0.002971 0.998799
20.369665 -0.083892 -2.381690 1.504921 -0.000047 0.047826 0.009861 0.998807
20.470333 -0.058967 -2.392781 1.517484 0.000952 0.047564 0.012069 0.998795
20.570632 -0.017865 -2.401033 1.531980 -0.000805 0.046091 0.015761 0.998813
20.670779 0.012719 -2.398490 1.538959 -0.000328 0.046303 0.014397 0.998824
20.770893 0.032591 -2.398913 1.552562 0.002136 0.049642 0.009029 0.998724
20.870837 0.064555 -2.414361 1.572579 0.001954 0.051232 -0.006822 0.998662
20.970675 0.091874 -2.437816 1.594139 0.001312 0.052919 -0.012815 0.998516
21.070430 0.122275 -2.452039 1.607698 0.000983 0.051438 0.000824 0.998675
21.170198 0.149141 -2.461250 1.619155 0.001829 0.048591 0.010566 0.998761
21.269832 0.174904 -2.471849 1.632348 0.003722 0.046224 0.013733 0.998830
21.369358 0.209118 -2.490397 1.647509 0.003472 0.047256 0.014206 0.998776
21.468779 0.246418 -2.506060 1.660056 0.002889 0.046426 0.014442 0.998813
21.568150 0.288045 -2.524323 1.682338 0.001789 0.043501 0.014974 0.998940
21.667843 0.312248 -2.547413 1.707787 0.001838 0.043407 0.014326 0.998953
21.768285 0.339186 -2.566927 1.722582 0.003093 0.044201 0.015765 0.998893
21.869213 0.361079 -2.593337 1.731776 0.003557 0.043945 0.015692 0.998904
21.970125 0.379879 -2.611939 1.758960 0.001175 0.041779 0.013413 0.999036
22.070867 0.393264 -2.621249 1.789638 0.002008 0.041214 0.013271 0.999060
22.171290 0.422438 -2.623033 1.793303 0.001117 0.039629 0.013269 0.999126
22.271212 0.427986 -2.625771 1.811095 0.000850 0.039020 0.013463 0.999147
22.370789 0.446770 -2.634359 1.848499 0.001359 0.040461 0.006990 0.999156
22.470085 0.467597 -2.629307 1.872979 0.001348 0.044279 -0.003603 0.999012
22.569302 0.472374 -2.617059 1.898224 0.002402 0.044365 -0.007753 0.998982
22.668604 0.495293 -2.603895 1.927991 0.002873 0.043067 -0.000207 0.999068
22.768067 0.535135 -2.589600 1.959973 0.005158 0.041045 0.003843 0.999137
22.867767 0.563324 -2.571277 2.003222 0.006181 0.040938 0.005723 0.999126
22.967781 0.584683 -2.551210 2.038243 0.006034 0.040005 0.008941 0.999141
23.068008 0.601671 -2.544806 2.054765 0.002513 0.040792 0.008421 0.999129
23.168587 0.627411 -2.538604 2.086541 0.002834 0.039196 0.006854 0.999204
23.269240 0.652308 -2.526491 2.138488 0.007231 0.042386 0.007020 0.999050
23.369691 0.676279 -2.521135 2.193708 0.003603 0.040734 0.008459 0.999128
23.469929 0.690177 -2.517539 2.234202 -0.000744 0.040358 0.009223 0.999142
23.569977 0.715227 -2.502160 2.263330 0.002146 0.041912 0.010824 0.999060
23.669884 0.742717 -2.498545 2.290525 0.001281 0.039542 0.012748 0.999136
23.769756 0.758090 -2.493374 2.329679 0.001399 0.040830 0.012417 0.999088
23.869706 0.789973 -2.484907 2.378173 0.000902 0.039069 0.014190 0.999135
23.969792 0.795797 -2.493791 2.425216 0.000014 0.042961 -0.005179 0.999063
24.070009 0.825458 -2.498383 2.460119 0.001419 0.044373 -0.004425 0.999004
24.170146 0.861210 -2.494268 2.498353 0.000217 0.041873 0.002112 0.999121
24.270024 0.873725 -2.485349 2.540506 0.000319 0.043841 0.002297 0.999036
24.369690 0.896061 -2.472063 2.569777 -0.000648 0.043387 0.008269 0.999024
24.469281 0.940994 -2.477025 2.585981 -0.000976 0.047555 0.012483 0.998790
24.568896 0.977761 -2.475803 2.631790 0.003546 0.053407 0.015688 0.998443
24.668790 0.978360 -2.471840 2.675234 0.002484 0.057377 0.018065 0.998186
24.768864 0.982424 -2.476536 2.712151 0.003594 0.062995 0.017865 0.997847
24.869066 1.020265 -2.478089 2.768814 0.006093 0.067711 0.019711 0.997492
24.969190 1.046947 -2.474528 2.818056 0.003638 0.070578 0.019684 0.997305
25.069130 1.079500 -2.479908 2.851219 0.010522 0.077491 0.014218 0.996836
25.169165 1.095554 -2.486975 2.898251 0.008276 0.086003 0.000893 0.996260
25.269221 1.104007 -2.485216 2.952357 0.007292 0.093716 0.002252 0.995570
25.369382 1.120987 -2.486691 3.017850 0.004398 0.096355 0.015725 0.995213
25.469698 1.151425 -2.494647 3.084027 0.005944 0.103761 0.024713 0.994277
25.569802 1.189972 -2.507294 3.124116 0.004559 0.110046 0.028520 0.993507
25.669703 1.234031 -2.514341 3.162083 0.003926 0.118713 0.030138 0.992463
25.769513 1.270846 -2.518512 3.203956 0.004283 0.124939 0.034405 0.991558
25.869272 1.278566 -2.523524 3.223693 0.002878 0.132695 0.037749 0.990434
25.969016 1.282969 -2.535706 3.260993 0.002258 0.141431 0.040187 0.989129
26.068870 1.282090 -2.539278 3.323303 0.002956 0.152130 0.043505 0.987398
26.168953 1.300025 -2.536926 3.399941 0.002826 0.160024 0.049371 0.985874
26.268935 1.341464 -2.538010 3.475175 -0.002600 0.163940 0.075894 0.983543
26.368785 1.392724 -2.545370 3.528808 -0.007755 0.169355 0.098339 0.980606
26.468584 1.401131 -2.557701 3.557031 -0.018291 0.175249 0.116175 0.977474
26.568646 1.388035 -2.564921 3.560734 -0.027419 0.178955 0.123248 0.975722
26.669111 1.363622 -2.561667 3.573379 -0.020301 0.186600 0.115648 0.975394
26.769650 1.325337 -2.559002 3.607266 -0.010403 0.192829 0.096360 0.976434
26.869925 1.266460 -2.541441 3.636629 -0.004483 0.199949 0.087547 0.975877
26.969909 1.208917 -2.517149 3.649256 -0.002619 0.204118 0.081015 0.975585
27.069508 1.168156 -2.508980 3.650829 0.001570 0.207128 0.066111 0.976076
27.168870 1.126572 -2.510930 3.668382 0.003092 0.213166 0.060286 0.975149
27.268083 1.110026 -2.514554 3.693551 0.005644 0.218160 0.060436 0.974023
27.367329 1.097351 -2.527175 3.698326 0.003994 0.219426 0.058900 0.973841
27.466795 1.057305 -2.536480 3.680512 0.005011 0.221619 0.060888 0.973218
27.566623 0.979169 -2.540930 3.695527 0.005303 0.222930 0.060791 0.972923
27.666744 0.884837 -2.530112 3.726763 0.004139 0.225802 0.062423 0.972162
27.767213 0.826042 -2.510803 3.728913 -0.002330 0.230352 0.061617 0.971152
27.867856 0.815428 -2.505905 3.715300 -0.006540 0.231933 0.059370 0.970896
27.968290 0.812076 -2.522263 3.721748 -0.010164 0.235542 0.061014 0.969894
28.068615 0.786885 -2.551971 3.751982 -0.012097 0.236323 0.061108 0.969676
28.168965 0.725566 -2.587597 3.773010 -0.013295 0.235673 0.061887 0.969769
28.269175 0.645496 -2.613756 3.750174 -0.017710 0.237374 0.060652 0.969361
28.369304 0.591497 -2.626309 3.709239 -0.015737 0.237164 0.060548 0.969453
28.469326 0.570967 -2.641827 3.687206 -0.021926 0.239429 0.059566 0.968837
28.569343 0.571302 -2.670683 3.699150 -0.025917 0.238675 0.057722 0.969036
28.669172 0.546642 -2.715783 3.722889 -0.026743 0.240834 0.058930 0.968406
28.768920 0.499822 -2.765399 3.714579 -0.035799 0.239663 0.055152 0.968627
28.868707 0.463756 -2.802996 3.644861 -0.044357 0.241966 0.053876 0.967772
28.968623 0.461051 -2.822265 3.567245 -0.048946 0.241971 0.052351 0.967633
29.068623 0.456995 -2.819832 3.501037 -0.052960 0.241997 0.051666 0.967452
29.168691 0.435270 -2.815921 3.471667 -0.055219 0.242760 0.051966 0.967118
29.268514 0.432150 -2.810872 3.440127 -0.051990 0.244516 0.053409 0.966776
29.368196 0.443546 -2.789362 3.373813 -0.049340 0.245010 0.054608 0.966723
29.467846 0.454149 -2.762445 3.287998 -0.048124 0.245976 0.054838 0.966526
29.567521 0.449057 -2.732550 3.215855 -0.041208 0.245398 0.055707 0.966943
29.667203 0.448935 -2.698752 3.138189 -0.028527 0.241954 0.057378 0.968170
29.767099 0.472538 -2.679636 3.066881 -0.017707 0.238493 0.060601 0.969090
29.867306 0.496677 -2.653428 2.989371 -0.001668 0.233155 0.065800 0.970209
29.967630 0.501469 -2.638126 2.909385 0.008499 0.231559 0.067586 0.970433
30.068092 0.521274 -2.605891 2.803211 0.032746 0.235027 0.077306 0.968356
30.168721 0.528976 -2.568327 2.696612 0.041399 0.239025 0.083626 0.966520
30.269151 0.511476 -2.540683 2.620831 0.038603 0.245007 0.081904 0.965284
30.369377 0.493025 -2.518341 2.569588 0.022787 0.255175 0.081511 0.963184
30.469662 0.476800 -2.497912 2.505583 0.011271 0.264280 0.078879 0.961149
30.569919 0.440246 -2.476767 2.448542 0.007549 0.273472 0.077919 0.958689
30.669974 0.436028 -2.456647 2.408786 0.006574 0.281190 0.079561 0.956326
30.769957 0.430942 -2.429660 2.350211 0.008595 0.284524 0.080724 0.955226
30.869739 0.400253 -2.391488 2.274517 0.006007 0.288590 0.080687 0.954028
30.969155 0.339211 -2.353430 2.219752 0.017510 0.295915 0.060630 0.953127
31.068472 0.303179 -2.328032 2.209366 0.020421 0.301218 0.040911 0.952458
31.167992 0.284151 -2.305447 2.188870 0.017936 0.305468 0.032293 0.951486
31.267552 0.291403 -2.282223 2.167004 0.016340 0.307423 0.041831 0.950513
31.367457 0.309399 -2.257935 2.126440 0.012608 0.307570 0.049858 0.950135
31.467541 0.318440 -2.233770 2.085733 0.012370 0.307658 0.054804 0.949837
31.567618 0.337431 -2.214888 2.054259 0.006355 0.304645 0.071450 0.949761
31.667712 0.344897 -2.203108 2.035284 0.005285 0.303553 0.078562 0.949556
31.767770 0.342105 -2.196722 2.026965 0.003190 0.303315 0.082297 0.949325
31.867767 0.335447 -2.186756 2.008381 0.003514 0.304275 0.083955 0.948871
31.967730 0.337129 -2.183210 1.979615 0.005831 0.302816 0.085097 0.949224
32.067807 0.347323 -2.186023 1.947485 0.002353 0.304999 0.083904 0.948646
32.168221 0.357198 -2.187516 1.924466 0.004035 0.307790 0.086379 0.947516
32.268576 0.364117 -2.194325 1.903611 0.004057 0.309379 0.086270 0.947009
32.368833 0.372064 -2.193450 1.881338 0.003251 0.307964 0.085792 0.947516
32.469000 0.337722 -2.178041 1.844227 0.003062 0.308811 0.086406 0.947186
32.569043 0.304363 -2.163947 1.824244 0.003334 0.312195 0.086285 0.946086
32.668927 0.302743 -2.149827 1.814345 0.003806 0.314416 0.086957 0.945287
32.768715 0.317606 -2.131274 1.810090 0.003956 0.315205 0.086096 0.945102
32.868423 0.333988 -2.108145 1.796942 0.004323 0.316933 0.086237 0.944509
32.968084 0.322643 -2.082538 1.766793 0.005630 0.319018 0.086631 0.943764
33.067729 0.293374 -2.062454 1.741638 0.005411 0.322232 0.086586 0.942677
33.167481 0.270558 -2.044678 1.724233 0.006829 0.322550 0.083684 0.942821
33.267161 0.257613 -2.035386 1.692638 0.016478 0.331719 0.055598 0.941594
33.367107 0.266157 -2.026795 1.689689 0.021452 0.334753 0.050488 0.940708
33.467447 0.274261 -2.026146 1.697128 0.014675 0.333529 0.064278 0.940432
33.568183 0.286622 -2.032287 1.684049 0.010267 0.326857 0.078398 0.941761
33.669031 0.274950 -2.046309 1.651204 0.003798 0.322039 0.082487 0.943118
33.769642 0.263462 -2.073065 1.649906 0.005167 0.314351 0.083057 0.945652
33.869905 0.264415 -2.086047 1.649468 0.004832 0.303582 0.083637 0.949115
33.969887 0.290271 -2.105152 1.657455 0.002768 0.294109 0.079929 0.952420
34.069727 0.304554 -2.123854 1.666305 0.005637 0.286668 0.069709 0.955474
34.169705 0.299674 -2.153351 1.652649 0.006245 0.278226 0.074394 0.957610
34.269558 0.291764 -2.191025 1.631298 0.002727 0.275199 0.073231 0.958590
34.369427 0.274844 -2.227091 1.608467 0.005436 0.276590 0.076633 0.957912
34.469393 0.290250 -2.260056 1.599682 0.004412 0.277201 0.074739 0.957891
34.569429 0.285657 -2.283759 1.588941 0.005854 0.281809 0.077776 0.956295
34.669642 0.266820 -2.296578 1.560484 0.004609 0.276784 0.076854 0.957843
34.770137 0.265521 -2.315902 1.553581 0.005432 0.267071 0.073870 0.960826
34.870609 0.270210 -2.342775 1.573708 0.005947 0.253913 0.068009 0.964815
34.970743 0.275487 -2.369886 1.597814 0.006395 0.243100 0.061137 0.968052
35.070408 0.273593 -2.384839 1.605503 0.006336 0.233269 0.054069 0.970887
35.169890 0.261698 -2.379256 1.584572 0.007536 0.227440 0.046942 0.972631
35.269209 0.245260 -2.372162 1.570864 0.011438 0.227319 0.035059 0.973122
35.368555 0.228662 -2.374030 1.586390 0.014392 0.226302 0.013314 0.973860
35.468107 0.239141 -2.375905 1.613114 0.012642 0.226353 0.024982 0.973643
35.567968 0.268999 -2.384626 1.616614 0.010838 0.223083 0.035448 0.974094
35.668092 0.283320 -2.400811 1.631310 0.005363 0.220667 0.049625 0.974071
35.768417 0.295554 -2.410101 1.669072 0.003390 0.222782 0.056884 0.973201
35.868847 0.330691 -2.412168 1.688563 0.002304 0.221513 0.061114 0.973238
35.969174 0.361361 -2.417458 1.695781 0.001452 0.222512 0.060888 0.973026
36.069346 0.370039 -2.423855 1.710650 0.003043 0.224314 0.063401 0.972448
36.169436 0.363609 -2.437929 1.726566 0.000809 0.225318 0.064132 0.972172
36.269308 0.358939 -2.458228 1.759075 -0.003158 0.225891 0.063583 0.972070
36.369135 0.384966 -2.464538 1.767442 -0.007881 0.225931 0.063614 0.972032
36.468894 0.410857 -2.458895 1.762235 -0.008895 0.224171 0.061694 0.972554
36.568664 0.421156 -2.452744 1.767038 -0.005874 0.224897 0.059643 0.972538
36.668504 0.400366 -2.453817 1.807536 -0.002309 0.228232 0.046938 0.972472
36.768525 0.406787 -2.456999 1.847933 -0.001753 0.228044 0.050652 0.972331
36.868618 0.421897 -2.450820 1.858561 -0.003234 0.226572 0.047027 0.972853
36.968734 0.431158 -2.438871 1.860895 -0.003420 0.227691 0.044028 0.972732
37.069014 0.460315 -2.426845 1.871173 -0.003680 0.230654 0.038714 0.972258
37.169402 0.477221 -2.403030 1.871362 -0.005413 0.229714 0.043728 0.972260
37.269504 0.491261 -2.383651 1.884895 -0.003978 0.229406 0.052108 0.971927
37.369410 0.507312 -2.372658 1.903349 -0.000567 0.228862 0.059455 0.971641
37.469219 0.542648 -2.363688 1.929377 -0.000062 0.227965 0.060421 0.971793
37.569116 0.562681 -2.352024 1.946516 0.002490 0.233559 0.063751 0.970247
37.669107 0.586254 -2.344852 1.948563 0.003359 0.233462 0.066256 0.970100
37.769078 0.605609 -2.346870 1.952293 0.001696 0.230184 0.071916 0.970485
37.868994 0.616603 -2.347147 1.973903 -0.005175 0.230477 0.090156 0.968879
37.968835 0.628326 -2.353379 1.990051 -0.027642 0.222825 0.115036 0.967653
38.068515 0.621389 -2.364650 1.985693 -0.044058 0.219997 0.115093 0.967685
38.168410 0.610951 -2.364363 1.971300 -0.041413 0.222131 0.121297 0.966556
38.268396 0.594318 -2.359472 1.947501 -0.032838 0.222230 0.117032 0.967388
38.368545 0.561239 -2.342852 1.918222 -0.013757 0.224881 0.101906 0.968945
38.468802 0.511639 -2.319387 1.881929 -0.002259 0.230517 0.081748 0.969626
38.569000 0.454994 -2.289890 1.855206 0.000997 0.233762 0.069609 0.969798
38.669053 0.425297 -2.253268 1.829767 0.004203 0.236610 0.062884 0.969559
38.769072 0.409130 -2.219942 1.791959 0.008027 0.240146 0.064555 0.968555
38.869243 0.377369 -2.203931 1.758183 0.003343 0.238010 0.061526 0.969306
38.969533 0.325658 -2.187699 1.732713 0.004500 0.239397 0.061046 0.968990
39.069870 0.270345 -2.163232 1.699425 0.005962 0.239784 0.062921 0.968767
39.170161 0.230368 -2.133392 1.662018 0.004679 0.239435 0.061139 0.968974
39.270186 0.198582 -2.095164 1.642029 0.005509 0.239699 0.063650 0.968743
39.369907 0.170951 -2.069390 1.624994 0.004518 0.239698 0.062967 0.968793
39.469455 0.125230 -2.056038 1.609765 0.003460 0.241082 0.064419 0.968358
39.569145 0.081659 -2.041904 1.595738 0.006916 0.243803 0.068470 0.967380
39.669007 0.044769 -2.038081 1.578189 0.005018 0.244553 0.066330 0.967351
39.769062 -0.007151 -2.030640 1.569458 0.002152 0.244957 0.065255 0.967333
39.869220 -0.046099 -2.013805 1.535080 0.005132 0.247701 0.067493 0.966469
39.969248 -0.069391 -1.994935 1.493160 0.004625 0.245366 0.065062 0.967234
40.069114 -0.099761 -1.979402 1.444791 0.004279 0.248320 0.064887 0.966493
40.168961 -0.142828 -1.965794 1.429702 0.006606 0.251160 0.067760 0.965548
40.268704 -0.186275 -1.957783 1.442398 0.004931 0.251671 0.060330 0.965918
40.368551 -0.225167 -1.953549 1.431707 0.011649 0.258746 0.031496 0.965362
40.468486 -0.262963 -1.943486 1.426950 0.008269 0.255238 0.053691 0.965351
40.568502 -0.311733 -1.944808 1.405009 0.005745 0.254959 0.061488 0.964978
40.668550 -0.354758 -1.951619 1.387689 0.004584 0.256259 0.067763 0.964219
40.768359 -0.390455 -1.955083 1.380681 0.003387 0.254051 0.067513 0.964826
40.867924 -0.417217 -1.944861 1.386711 0.002862 0.254582 0.067189 0.964710
40.967491 -0.427224 -1.927831 1.395359 0.005443 0.254935 0.069806 0.964420
41.067410 -0.446151 -1.918681 1.375795 0.003952 0.256089 0.066453 0.964358
41.167816 -0.482722 -1.927874 1.361407 0.006019 0.258571 0.069426 0.963475
41.268381 -0.529544 -1.943075 1.357773 0.005153 0.257971 0.068917 0.963678
41.368906 -0.569711 -1.942330 1.352346 0.004557 0.259017 0.068814 0.963407
41.469271 -0.601418 -1.926566 1.345981 0.005173 0.260587 0.071113 0.962814
41.569255 -0.623994 -1.916208 1.331749 0.001577 0.260710 0.070259 0.962856
41.668988 -0.660441 -1.913082 1.330602 0.004394 0.263556 0.069638 0.962117
41.768679 -0.701687 -1.917982 1.350723 0.004543 0.263777 0.071961 0.961885
41.868582 -0.726092 -1.918269 1.351925 0.005061 0.263314 0.072254 0.961987
41.968628 -0.762043 -1.906572 1.343371 0.005167 0.264225 0.071711 0.961778
42.068741 -0.811357 -1.891899 1.330649 0.002164 0.266232 0.073608 0.961092
42.168814 -0.855195 -1.876768 1.327169 -0.005460 0.267413 0.070071 0.961015
42.268615 -0.872075 -1.866702 1.342982 -0.022003 0.270158 0.066843 0.960241
42.368230 -0.903166 -1.846060 1.330538 -0.028042 0.270856 0.064000 0.960080
42.467741 -0.947237 -1.815405 1.310073 -0.018268 0.270515 0.066851 0.960218
42.567349 -1.000816 -1.788903 1.317184 -0.003701 0.266685 0.070017 0.961230
42.667217 -0.998386 -1.760592 1.316946 0.002195 0.263830 0.072230 0.961858
42.767276 -1.020308 -1.738367 1.297062 -0.004418 0.264326 0.069277 0.961932
42.867435 -1.037248 -1.710001 1.265887 0.000083 0.261805 0.068081 0.962716
42.967615 -1.077248 -1.680572 1.244198 0.000962 0.261083 0.069317 0.962824
43.067827 -1.115639 -1.647663 1.237894 0.004839 0.258249 0.070656 0.963479
43.168210 -1.129184 -1.619135 1.241074 0.004007 0.255732 0.068663 0.964298
43.268481 -1.147020 -1.596959 1.231245 0.001479 0.256811 0.068086 0.964059
43.368792 -1.179013 -1.573359 1.219347 0.002535 0.259674 0.059387 0.963865
43.469166 -1.198577 -1.557992 1.205129 0.013122 0.265810 0.030564 0.963452
43.569629 -1.223882 -1.533789 1.209599 0.009375 0.260731 0.052999 0.963910
43.669984 -1.271967 -1.516187 1.212039 0.007805 0.256086 0.063215 0.964553
43.770133 -1.302914 -1.504901 1.188750 0.004520 0.253400 0.064081 0.965226
43.870173 -1.306981 -1.490747 1.166303 -0.006973 0.256298 0.064091 0.964445
43.970168 -1.316596 -1.492001 1.168481 -0.044440 0.258739 0.055591 0.963322
44.070006 -1.318347 -1.475059 1.174460 -0.053379 0.261262 0.050822 0.962450
44.169821 -1.324264 -1.462892 1.162750 -0.053146 0.262339 0.054496 0.961969
44.269546 -1.329243 -1.455490 1.130154 -0.037953 0.261027 0.055309 0.962998
44.369396 -1.336859 -1.440971 1.075510 -0.012739 0.262628 0.063819 0.962700
44.469167 -1.330777 -1.436534 1.022612 0.001972 0.260976 0.059885 0.963484
44.568919 -1.318417 -1.418447 0.968054 0.005313 0.255364 0.063918 0.964715
44.668788 -1.311771 -1.405660 0.934349 0.006583 0.250575 0.065145 0.965880
44.768813 -1.297912 -1.395270 0.912209 0.007855 0.244867 0.065128 0.967335
44.868986 -1.281394 -1.384140 0.884502 0.007834 0.237494 0.065053 0.969177
44.969189 -1.265798 -1.378707 0.848262 0.008747 0.225323 0.062837 0.972216
45.069266 -1.284305 -1.382945 0.797893 0.006435 0.215913 0.059096 0.974601
45.169179 -1.298464 -1.387832 0.759777 0.006965 0.205562 0.053835 0.977137
45.268828 -1.292195 -1.394625 0.742441 0.006913 0.195206 0.053209 0.979293
45.368506 -1.275408 -1.396729 0.715586 0.005275 0.184724 0.049929 0.981507
45.468131 -1.274475 -1.402913 0.686879 0.005475 0.178635 0.044215 0.982906
45.567776 -1.284647 -1.414702 0.662047 0.006776 0.175408 0.039333 0.983687
45.667448 -1.281514 -1.416795 0.645752 0.005726 0.172658 0.029575 0.984521
45.766920 -1.283379 -1.399569 0.639809 0.009563 0.169197 0.018073 0.985370
45.866278 -1.282397 -1.371040 0.619103 0.012315 0.166212 0.009890 0.985964
45.965682 -1.272220 -1.339423 0.608302 0.011595 0.161019 0.003945 0.986875
46.065404 -1.254327 -1.308606 0.616643 0.011727 0.154788 -0.001926 0.987876
46.165512 -1.221288 -1.276331 0.622857 0.011415 0.149061 -0.009669 0.988715
46.265836 -1.195145 -1.239916 0.620073 0.011407 0.144209 -0.010232 0.989429
46.366343 -1.153729 -1.199969 0.626646 0.006308 0.133003 0.010183 0.991043
46.467036 -1.088135 -1.166776 0.648825 0.003335 0.121647 0.023583 0.992288
46.567884 -1.033496 -1.135369 0.671393 0.001334 0.116283 0.027535 0.992833
46.668621 -0.990204 -1.109116 0.692476 0.001597 0.114222 0.031522 0.992954
46.769288 -0.955207 -1.078903 0.698938 0.000891 0.109841 0.030772 0.993472
46.869895 -0.923770 -1.046786 0.704939 0.000684 0.107295 0.029612 0.993786
46.970326 -0.886106 -1.015551 0.722296 0.002786 0.104163 0.030108 0.994101
47.070459 -0.832709 -0.992671 0.743895 0.000518 0.099646 0.027752 0.994636
47.170429 -0.783998 -0.969887 0.767473 0.003249 0.097449 0.029133 0.994809
47.270158 -0.729787 -0.952470 0.772233 -0.000925 0.091573 0.025339 0.995475
47.369747 -0.694369 -0.944889 0.776301 -0.024366 0.093868 0.024250 0.994991
47.469505 -0.680754 -0.944472 0.795029 -0.045267 0.091516 0.018636 0.994600
47.569471 -0.683987 -0.938929 0.800706 -0.043711 0.094422 0.019450 0.994382
47.669603 -0.646357 -0.927733 0.760936 -0.044207 0.092967 0.017064 0.994541
47.769783 -0.580212 -0.905090 0.751651 -0.034103 0.093403 0.021136 0.994820
47.870032 -0.519059 -0.883981 0.741141 -0.016306 0.088766 0.021956 0.995677
47.970032 -0.478383 -0.870790 0.736372 -0.003153 0.090457 0.022680 0.995637
48.069910 -0.453361 -0.862593 0.714144 0.002516 0.092300 0.026419 0.995378
48.169874 -0.436745 -0.857154 0.674144 0.002891 0.092247 0.027675 0.995347
48.269804 -0.405471 -0.843329 0.626239 0.005846 0.092860 0.025212 0.995343
48.369722 -0.383967 -0.824950 0.591258 0.007742 0.093688 0.023899 0.995285
48.469566 -0.352746 -0.815855 0.601842 0.007667 0.096044 0.024598 0.995044
48.569487 -0.295584 -0.809852 0.620557 0.006897 0.095854 0.025219 0.995052
48.669436 -0.238899 -0.799517 0.610236 0.006185 0.096803 0.025344 0.994962
48.769342 -0.217927 -0.783169 0.587566 0.004769 0.096905 0.026280 0.994935
48.869187 -0.222545 -0.768174 0.567266 0.002158 0.096093 0.029748 0.994925
48.969029 -0.224945 -0.750722 0.556128 -0.008515 0.089971 0.040643 0.995078
49.068816 -0.211223 -0.732512 0.514194 -0.021291 0.083588 0.043758 0.995311
49.168604 -0.180844 -0.711877 0.465359 -0.023436 0.079540 0.040914 0.995716
49.268411 -0.143506 -0.702034 0.463778 -0.011132 0.076246 0.028972 0.996606
49.368362 -0.119949 -0.698250 0.461769 -0.002979 0.072926 0.022663 0.997075
49.468347 -0.109379 -0.694296 0.454455 -0.000678 0.065853 0.017830 0.997670
49.568317 -0.114583 -0.681845 0.423482 0.000480 0.061164 0.013544 0.998036
49.668297 -0.128134 -0.666757 0.392046 0.002983 0.057691 0.010217 0.998278
49.768135 -0.114089 -0.652124 0.358802 0.001098 0.051874 0.009958 0.998603
49.867884 -0.088888 -0.641175 0.318514 -0.000334 0.047479 0.006761 0.998849
49.967717 -0.073668 -0.638736 0.295983 0.003751 0.043797 0.007992 0.999001
50.067763 -0.061931 -0.638121 0.297043 0.001760 0.038875 0.007004 0.999218
50.167982 -0.060288 -0.635304 0.301467 0.004738 0.034674 0.005991 0.999369
50.268112 -0.058154 -0.626328 0.275542 0.003151 0.031729 0.003453 0.999486
50.368185 -0.051631 -0.621110 0.258659 0.001258 0.031102 0.003795 0.999508
50.468238 -0.023898 -0.621738 0.250130 -0.005798 0.029830 0.006082 0.999520
50.568256 -0.006616 -0.621712 0.247257 -0.011117 0.028160 0.005924 0.999524
50.668190 0.014154 -0.612093 0.220119 -0.012046 0.028335 0.002417 0.999523
50.768079 0.017262 -0.582681 0.183198 -0.012570 0.028062 0.004135 0.999519
50.867877 0.022589 -0.551557 0.183217 -0.011432 0.026044 0.006314 0.999575
50.967612 0.040234 -0.518896 0.182059 -0.012428 0.020205 0.014152 0.999618
51.067357 0.037394 -0.491523 0.186018 -0.019702 0.014238 0.021180 0.999480
51.167310 0.044767 -0.456867 0.182453 -0.018284 0.007814 0.022289 0.999554
51.267401 0.069802 -0.414538 0.160828 -0.016496 0.004618 0.013492 0.999762
51.367681 0.096326 -0.369498 0.137872 -0.001868 -0.000626 0.002094 0.999996
51.467974 0.097527 -0.328916 0.117995 -0.000054 -0.004254 -0.002831 0.999987
51.568194 0.097754 -0.289537 0.108803 -0.000438 -0.007154 -0.002619 0.999971
51.668372 0.065820 -0.258398 0.108727 -0.001710 -0.012921 0.001033 0.999915
51.768346 0.047099 -0.225156 0.090399 -0.001135 -0.019487 0.015900 0.999683
51.868299 0.054547 -0.191273 0.082271 -0.000552 -0.022209 0.004345 0.999744
51.968178 0.054322 -0.163081 0.063276 0.002745 -0.025425 -0.005301 0.999659
52.068025 0.066760 -0.133732 0.025189 0.004882 -0.030279 -0.008575 0.999493
52.168102 0.083488 -0.115099 0.017928 0.003129 -0.037257 0.000306 0.999301
52.268194 0.083221 -0.100344 -0.001335 -0.014164 -0.046520 0.013715 0.998723
52.368471 0.079937 -0.092802 -0.019924 -0.007203 -0.047245 -0.003819 0.998850
52.468778 0.064845 -0.101796 -0.019577 -0.002206 -0.049676 -0.005601 0.998747
52.568812 0.042065 -0.118359 -0.019760 0.001761 -0.047548 -0.006755 0.998845
52.668737 0.026531 -0.127349 -0.031302 0.000983 -0.050103 -0.010585 0.998687
52.768639 0.014377 -0.132360 -0.027603 0.003513 -0.050391 -0.016469 0.998588
52.868694 -0.001781 -0.134399 -0.035726 -0.000097 -0.037394 -0.072475 0.996669
52.968728 0.015888 -0.121743 -0.050772 -0.000854 -0.041504 -0.049123 0.997930
53.068629 0.000568 -0.112135 -0.077999 0.001520 -0.046314 -0.025719 0.998595
53.168697 -0.031710 -0.114926 -0.081405 0.001896 -0.045434 -0.019189 0.998781
53.268685 -0.016131 -0.124372 -0.052493 0.001847 -0.048037 -0.014470 0.998739
53.368638 0.039018 -0.127868 -0.051235 0.001392 -0.046022 -0.012445 0.998862
53.468580 0.092256 -0.120018 -0.065132 0.001273 -0.046482 -0.004947 0.998906
53.568413 0.087156 -0.099226 -0.107075 -0.000995 -0.050835 0.006834 0.998683
53.668323 0.054460 -0.091085 -0.113059 0.000322 -0.050030 -0.003331 0.998742
53.768239 0.034027 -0.096666 -0.067682 0.001128 -0.051353 -0.013003 0.998595
53.868016 0.043159 -0.099156 0.002281 -0.000371 -0.054492 -0.014589 0.998408
53.967777 0.078740 -0.083324 0.031509 -0.001245 -0.056949 -0.006278 0.998357
54.067678 0.113339 -0.042346 -0.028094 0.001130 -0.055628 -0.008927 0.998411
54.167824 0.102122 -0.003214 -0.104362 -0.000665 -0.047626 -0.011782 0.998796
54.268077 0.075263 -0.004362 -0.115511 -0.002476 -0.051027 -0.020169 0.998491
54.368587 0.046450 -0.024242 -0.082633 -0.001982 -0.047652 -0.017676 0.998706
54.469023 0.043852 -0.035049 -0.029290 -0.000163 -0.038304 -0.010074 0.999215
54.569235 0.061650 -0.024718 0.016146 0.002828 -0.016315 -0.007223 0.999837
54.668973 0.076717 -0.011348 0.033963 -0.001020 -0.018292 -0.005176 0.999819
54.769583 0.076058 -0.000978 0.009738 -0.000526 -0.018575 -0.005526 0.999812
54.869942 0.070824 0.003941 -0.038863 -0.000049 -0.018198 -0.005162 0.999821
54.969943 0.058785 -0.002542 -0.057931 -0.000013 -0.018470 -0.005799 0.999813
55.069491 0.049899 -0.011122 -0.041138 0.000203 -0.018641 -0.006469 0.999805
55.168727 0.051819 -0.014763 -0.006168 -0.000686 -0.018935 -0.006179 0.999801
55.267736 0.057357 -0.012087 0.014212 -0.000772 -0.018169 -0.005778 0.999818
55.366791 0.061225 -0.008214 0.008774 -0.000731 -0.017674 -0.005758 0.999827
55.466039 0.061359 -0.004538 -0.009624 -0.000675 -0.017954 -0.005722 0.999822
55.565571 0.057922 -0.004736 -0.024157 -0.000804 -0.018238 -0.005680 0.999817
55.665409 0.054517 -0.007210 -0.026997 -0.000721 -0.018109 -0.005878 0.999818
55.765523 0.054196 -0.010244 -0.017389 -0.000814 -0.018353 -0.005986 0.999813
55.865850 0.056515 -0.010562 -0.006798 -0.000764 -0.018334 -0.005835 0.999815
55.966209 0.057937 -0.009189 -0.002159 -0.000664 -0.018519 -0.005850 0.999811
56.066512 0.056568 -0.008166 -0.005169 -0.000853 -0.018201 -0.005828 0.999817
56.166955 0.054846 -0.008077 -0.009382 -0.000988 -0.018328 -0.005775 0.999815
56.267250 0.054556 -0.008975 -0.013112 -0.000827 -0.018421 -0.005996 0.999812
56.367372 0.056672 -0.008818 -0.013537 -0.000804 -0.018589 -0.005988 0.999809
56.467305 0.058102 -0.009182 -0.011713 -0.000777 -0.018643 -0.006091 0.999807
56.567132 0.057911 -0.009199 -0.009533 -0.000862 -0.018546 -0.005985 0.999810
56.666955 0.056451 -0.008516 -0.009031 -0.000619 -0.018334 -0.005923 0.999814
56.766748 0.055332 -0.008522 -0.010481 -0.000646 -0.018540 -0.005825 0.999811
56.866520 0.054500 -0.009368 -0.011783 -0.000644 -0.018463 -0.006047 0.999811
56.966354 0.055510 -0.009731 -0.012726 -0.000718 -0.018493 -0.005980 0.999811
