0.029582
0.129711
0.229738
0.329764
0.429773
0.529762
0.629741
0.729709
0.829669
0.929620
1.029582
1.129637
1.229611
1.329598
1.429603
1.529621
1.629642
1.729675
1.829700
1.929712
2.029705
2.129794
2.229791
2.329777
2.429769
2.529745
2.629724
2.729699
2.829667
2.929617
3.029559
3.129615
3.229577
3.329543
3.429511
3.529494
3.629483
3.729480
3.829487
3.929509
4.029529
4.129641
4.229655
4.329657
4.429655
4.529641
4.629621
4.729593
4.829560
4.929537
5.029516
5.129601
5.229631
5.329678
5.429710
5.529738
5.629752
5.729743
5.829706
5.929665
6.029643
6.129729
6.229738
6.329791
6.429863
6.529938
6.629994
6.730019
6.830019
6.930010
7.029992
7.130057
7.230005
7.329958
7.429927
7.529913
7.629932
7.729961
7.829997
7.930007
8.030044
8.130264
8.230699
8.331312
8.432200
8.533413
8.634747
8.736205
8.837625
8.938534
9.038885
9.138851
9.238729
9.338578
9.438186
9.537394
9.636513
9.735701
9.835072
9.934696
10.034683
10.134991
10.235402
10.335903
10.436408
10.536788
10.637144
10.737542
10.838168
10.938555
11.038261
11.137521
11.236464
11.335506
11.434796
11.534349
11.634158
11.734249
11.834540
11.934910
12.035284
12.135807
12.236298
12.336973
12.437863
12.538648
12.639075
12.739167
12.839069
12.938982
13.038750
13.138679
13.238502
13.338160
13.437922
13.537867
13.637863
13.737758
13.837834
13.938040
14.038348
14.138795
14.239246
14.339484
14.439395
14.539224
14.639012
14.738800
14.838590
14.938291
15.037974
15.137755
15.237720
15.338143
15.438743
15.539269
15.639426
15.739348
15.839217
15.939065
16.038914
16.138803
16.238621
16.338376
16.438240
16.538216
16.638366
16.738645
16.839030
16.939380
17.039606
17.139811
17.239847
17.339933
17.440059
17.540080
17.639995
17.739965
17.839846
17.939785
18.039653
18.139664
18.239637
18.339875
18.440154
18.540198
18.640243
18.740401
18.840488
18.940654
19.040905
19.141208
19.241279
19.341120
19.440837
19.540663
19.640610
19.740726
19.840872
19.941039
20.041214
20.141336
20.241354
20.341288
20.441137
20.541032
20.641068
20.741148
20.841024
20.940734
21.040479
21.140460
21.240384
21.340323
21.440306
21.540240
21.640159
21.740135
21.840128
21.940104
22.040026
22.140144
22.240121
22.340128
22.440240
22.540467
22.640724
22.741014
22.841249
22.941254
23.041026
23.140759
23.240394
23.340277
23.440271
23.540483
23.640720
23.740945
23.841029
23.940690
24.040139
24.139595
24.239070
24.338665
24.438112
24.537458
24.636856
24.736692
24.836837
24.937138
25.037536
25.138032
25.238230
25.337916
25.437304
25.536707
25.636256
25.736086
25.836184
25.936392
26.036506
26.136519
26.236597
26.336870
26.437485
26.537997
26.638394
26.738501
26.838271
26.937917
27.037402
27.136959
27.236705
27.336863
27.437221
27.537607
27.637889
27.738123
27.838548
27.939293
28.039962
28.140521
28.240796
28.341028
28.441178
28.541080
28.641105
28.741279
28.841337
28.940955
29.040635
29.140530
29.240438
29.340394
29.440493
29.540487
29.640389
29.740098
29.839630
29.939277
30.039403
30.140140
30.240662
30.341056
30.441362
30.541440
30.641449
30.741600
30.841796
30.941806
31.041817
31.141949
31.241838
31.341682
31.441480
31.541190
31.640976
31.740857
31.840756
31.940814
32.040897
32.141151
32.241336
32.341434
32.441611
32.541698
32.641702
32.741691
32.841512
32.941355
33.041142
33.141024
33.240944
33.341041
33.441065
33.540962
33.640776
33.740501
33.840216
33.940065
34.040109
34.140436
34.240605
34.340847
34.440930
34.540998
34.640973
34.740854
34.840659
34.940485
35.040258
35.140210
35.240077
35.340123
35.440379
35.540708
35.641042
35.741312
35.841412
35.941487
36.041502
36.141574
36.241581
36.341557
36.441425
36.541253
36.641044
36.740973
36.840744
36.940680
37.040815
37.141041
37.241274
37.341587
37.441802
37.541785
37.641505
37.740975
37.840515
37.940166
38.040089
38.140132
38.240142
38.340294
38.440480
38.540541
38.640565
38.740505
38.840360
38.940363
39.040339
39.140479
39.240507
39.340339
39.440282
39.540281
39.640095
39.739800
39.839540
39.939457
40.039644
40.139963
40.240117
40.340159
40.440147
40.539904
40.639466
40.739129
40.838907
40.938792
41.038756
41.138852
41.238907
41.338916
41.438848
41.538904
41.639021
41.739049
41.838966
41.938844
42.038821
42.139095
42.239336
42.339507
42.439635
42.539772
42.639817
42.739907
42.839921
42.939868
43.039618
43.139424
43.239248
43.339116
43.438991
43.538743
43.638458
43.738220
43.838083
43.937967
44.037929
44.137998
44.237881
44.337668
44.437429
44.537445
44.637726
44.737868
44.837816
44.937905
45.038128
45.138379
45.238394
45.338410
45.438403
45.538188
45.637778
45.737625
45.837681
45.937576
46.037285
46.137023
46.236750
46.336424
46.436145
46.536010
46.635960
46.736166
46.836741
46.937598
47.038355
47.139097
47.239645
47.339682
47.439275
47.538687
47.638149
47.737885
47.837912
47.938338
48.038858
48.139322
48.239457
48.339159
48.438509
48.537784
48.637146
48.736856
48.836787
48.936868
49.037094
49.137259
49.237382
49.337721
49.437990
49.538120
49.638301
49.738234
49.837853
49.937499
50.037285
50.137282
50.237131
50.336639
50.436150
50.535752
50.635535
50.735490
50.835782
50.936235
51.036764
51.137315
51.237397
51.337201
51.437062
51.536902
51.636675
51.736568
51.836738
51.937062
52.037748
52.138467
52.238804
52.338633
52.438208
52.537863
52.637655
52.737229
52.836737
52.936474
53.036695
53.137221
53.237792
53.338449
53.439027
53.538951
53.638406
53.737744
53.836953
53.936386
54.036451
54.136900
54.237382
54.338045
54.438725
54.539132
54.639351
54.739328
54.839151
54.938871
55.038502
55.138304
55.238262
55.338476
55.438822
55.539210
55.639624
55.740006
55.840269
55.940143
56.039701
56.139240
56.238908
56.338789
56.438762
56.538822
56.639095
56.739304
56.839424
56.939423
57.039478
57.139654
57.239829
57.339975
57.440072
57.540176
57.640285
57.740499
57.840928
57.941200
58.041287
58.141380
58.241290
58.341048
58.440777
58.540555
58.640528
58.740419
58.840239
58.940263
59.040371
59.140328
59.239951
59.339432
59.438966
59.538908
59.639038
59.739173
59.839424
59.939684
60.040084
60.140767
60.241159
60.341370
60.441389
60.541268
60.641189
60.741188
60.841158
60.941206
61.041137
61.141210
61.241070
61.340987
61.440977
61.541083
61.641241
61.741477
61.841734
61.941871
62.041759
62.141533
62.241054
62.340577
62.440134
62.539794
62.639685
62.739757
62.839919
62.940019
63.040108
63.140196
63.239876
63.339286
63.438788
63.538360
63.638007
63.737814
63.837710
63.937776
64.037792
64.138123
64.238613
64.339063
64.439418
64.539626
64.639772
64.739706
64.839478
64.939282
65.038987
65.138813
65.238610
65.338441
65.438266
65.538138
65.638205
65.738631
65.839077
65.939308
66.039361
66.139297
66.238977
66.338615
66.438258
66.537949
66.637624
66.737499
66.837518
66.937685
67.037909
67.138307
67.238705
67.338974
67.438808
67.538427
67.637949
67.737376
67.837313
67.937720
68.038143
68.138452
68.238570
68.338658
68.438784
68.538904
68.638656
68.738270
68.837909
68.937812
69.038054
69.138412
69.238748
69.339023
69.439255
69.539331
69.639327
69.739316
69.839149
69.938904
70.038728
70.138791
70.238678
70.338570
70.438634
70.538653
70.638565
70.738543
70.838491
70.938405
71.038391
71.138390
71.238285
71.338278
71.438207
71.538079
71.637937
71.737776
71.837477
71.937046
72.036774
72.136790
72.236918
72.337053
72.437090
72.537114
72.637185
72.737415
72.837638
72.937814
73.037860
73.137972
73.238009
73.337997
73.437902
73.537621
73.637237
73.736781
73.836472
73.936221
74.036090
74.136094
74.236160
74.336341
74.436494
74.536566
74.636475
74.736497
74.836654
74.936871
75.037164
75.137455
75.237500
75.337349
75.436816
75.536054
75.635361
75.734883
75.834463
75.934223
76.034214
76.134505
76.234813
76.334822
76.434708
76.534687
76.634866
76.735149
76.835350
76.935538
77.035723
77.136028
77.236043
77.335850
77.435598
77.535373
77.635093
77.734603
77.834059
77.933655
78.033390
78.133400
78.233437
78.333566
78.433661
78.533676
78.633794
78.734049
78.834575
78.934890
79.035030
79.135133
79.235104
79.335219
79.435355
79.535410
79.635491
79.735699
79.836124
79.936492
80.036736
80.137028
80.236993
80.336815
80.436760
80.536538
80.636111
80.735650
80.835077
80.934421
81.033800
81.133335
81.232883
81.332778
81.433094
81.533644
81.634398
81.735000
81.835387
81.935701
82.035728
82.135847
82.236049
82.336202
82.436200
82.535994
82.635678
82.735612
82.835495
82.935423
83.035279
83.135345
83.235606
83.335916
83.436249
83.536497
83.636511
83.736407
83.836119
83.935946
84.035868
84.136059
84.236203
84.336464
84.436857
84.537302
84.637733
84.737889
84.837881
84.937922
85.037880
85.137948
85.237970
85.337930
85.437996
85.538106
85.638197
85.738201
85.838113
85.937963
86.037956
86.138161
86.238335
86.338455
86.438424
86.538353
86.638259
86.738110
86.837891
86.937763
87.037722
87.137862
87.237847
87.337822
87.437693
87.537597
87.637461
87.737323
87.837338
87.937505
88.037818
88.138139
88.238085
88.337875
88.437574
88.537366
88.637300
88.737252
88.837141
88.937139
89.037228
89.137160
89.236892
89.336667
89.436393
89.536255
89.636278
89.736361
89.836493
89.936693
90.036999
90.137365
90.237398
90.337225
90.436874
90.536643
90.636446
90.736225
90.836254
90.936438
91.036686
91.137148
91.237590
91.338166
91.438538
91.538710
91.638805
91.738714
91.838587
91.938532
92.038515
92.138453
92.238478
92.338476
92.438449
92.538358
92.638253
92.738128
92.838026
92.938057
93.038103
93.138102
93.238057
93.338043
93.437837
93.537460
93.637065
93.736753
93.836608
93.936499
94.036381
94.136262
94.235907
94.335584
94.435254
94.535068
94.634981
94.734961
94.834963
94.935175
95.035344
95.135492
95.235533
95.335501
95.435561
95.535712
95.635896
95.735917
95.835869
95.935926
96.035833
96.135799
96.235596
96.335441
96.435203
96.535044
96.635001
96.735026
96.834977
96.934971
97.034897
97.134922
97.235012
97.335184
97.435515
97.535786
97.635863
97.735661
97.835298
97.934896
98.034427
98.134137
98.233873
98.333728
98.433637
98.533634
98.633719
98.733796
98.833754
98.933727
99.033821
99.133826
99.233771
99.333803
99.434017
99.534293
99.634742
99.735222
99.835352
99.935216
100.035158
100.135128
100.234916
100.334837
100.434697
100.534501
100.634415
100.734484
100.834545
100.934547
101.034597
101.134695
101.234573
101.334412
101.434163
101.533858
101.633558
101.733438
101.833672
101.933988
102.034135
102.134162
102.233940
102.333711
102.433564
102.533338
102.632949
102.732670
102.832542
102.932593
103.032855
103.133459
103.234286
103.335194
103.435922
103.536118
103.635785
103.734995
103.834003
103.932940
104.032016
104.131459
104.231192
104.331356
104.431923
104.532488
104.633016
104.733459
104.833782
104.933902
105.033874
105.134079
105.234419
105.334893
105.435216
105.535379
105.635705
105.735882
105.835990
105.936175
106.036166
106.136022
106.235639
106.335277
106.434873
106.534434
106.633953
106.733429
106.833043
106.932839
107.032804
107.133134
107.233452
107.333690
107.433904
107.533995
107.633730
107.733509
107.833323
107.933479
108.034211
108.135267
108.235839
108.335959
108.435655
108.535049
108.634371
108.733766
108.833299
108.932983
109.032875
109.133219
109.233724
109.334174
109.434593
109.534830
109.634909
109.734736
109.834414
109.934078
110.033842
110.133770
110.233671
110.333686
110.433904
110.534106
110.634290
110.734390
110.834387
110.934247
111.033984
111.133733
111.233381
111.333149
111.433098
111.533079
111.633027
111.732986
111.832936
111.932744
112.032499
112.132302
112.232036
112.331794
112.431635
112.531583
112.631674
112.731985
112.832357
112.932937
113.033428
113.133887
113.234117
113.334191
113.434024
113.533915
113.633939
113.734089
113.834219
113.934284
114.034411
114.134611
114.234619
114.334340
114.433763
114.533043
114.632279
114.731758
114.831527
114.931452
115.031369
115.131301
115.231153
115.331044
115.430985
115.530871
115.630812
115.730798
115.830911
115.931085
116.031336
116.131626
116.231608
116.331553
116.431585
116.531572
116.631563
116.731674
116.831887
116.932140
117.032386
117.132735
117.232818
117.332805
117.432629
117.532517
117.632555
117.732814
117.833195
117.933661
118.034032
118.134286
118.234355
118.334188
118.433792
118.533248
118.632668
118.732163
118.831909
118.931889
119.032100
119.132424
119.232743
119.333288
119.433728
119.533926
119.633877
119.733700
119.833434
119.933022
120.032747
120.132962
120.233242
120.333448
120.433635
120.533759
120.633865
120.733875
120.833648
120.933340
121.033096
121.133002
121.232961
121.333001
121.433163
121.533347
121.633371
121.733270
121.833277
121.933365
122.033458
122.133563
122.233513
122.333551
122.433634
122.533652
122.633605
122.733663
122.833781
122.933965
123.034199
123.134285
123.234067
123.333809
123.433729
123.533796
123.633882
123.733853
123.834146
123.934265
124.034485
124.134701
124.234663
124.334553
124.434210
124.533768
124.633459
124.733051
124.832645
124.932104
125.031459
125.130913
125.230332
125.329849
125.429505
125.529335
125.629317
125.729313
125.829294
125.929242
126.029176
126.129205
